0 510 510
1 710 510
2 928 510
3 756 510
4 848 510
5 792 510
6 792 510
7 796 510
8 620 510
9 754 510
10 772 510
11 758 510
12 830 510
13 820 510
14 714 510
15 690 510
16 716 510
17 516 510
18 754 510
19 808 510
20 868 510
21 644 510
22 824 510
23 822 510
24 638 510
25 752 510
26 650 510
27 812 510
28 718 510
29 768 510
30 838 510
31 800 510
32 858 510
33 862 510
34 548 510
35 780 510
36 618 510
37 814 510
38 732 510
39 834 510
40 786 510
41 840 510
42 724 510
43 608 510
44 798 510
45 724 510
46 780 510
47 660 510
48 794 510
49 790 510
50 848 510
51 682 510
52 864 510
53 732 510
54 868 510
55 788 510
56 864 510
57 666 510
58 766 510
59 858 510
60 586 510
61 796 510
62 794 510
63 766 510
64 798 510
65 802 510
66 764 510
67 786 510
68 764 510
69 796 510
70 632 510
71 842 510
72 820 510
73 584 510
74 808 510
75 754 510
76 806 510
77 504 504
78 736 504
79 768 504
80 826 504
81 712 504
82 766 504
83 756 504
84 760 504
85 676 504
86 866 504
87 780 504
88 784 504
89 566 504
90 672 504
91 786 504
92 786 504
93 776 504
94 768 504
95 778 504
96 840 504
97 730 504
98 814 504
99 666 504
100 776 504
101 716 504
102 710 504
103 542 504
104 760 504
105 794 504
106 832 504
107 772 504
108 858 504
109 740 504
110 864 504
111 756 504
112 640 504
113 670 504
114 774 504
115 780 504
116 898 504
117 816 504
118 680 504
119 778 504
120 556 504
121 742 504
122 794 504
123 736 504
124 760 504
125 852 504
126 808 504
127 720 504
128 676 504
129 472 472
130 872 472
131 864 472
132 830 472
133 768 472
134 748 472
135 578 472
136 888 472
137 482 472
138 762 472
139 622 472
140 724 472
141 872 472
142 816 472
143 622 472
144 856 472
145 730 472
146 888 472
147 800 472
148 752 472
149 764 472
150 846 472
151 710 472
152 886 472
153 564 472
154 582 472
155 820 472
156 742 472
157 578 472
158 726 472
159 804 472
160 656 472
161 786 472
162 764 472
163 596 472
164 670 472
165 718 472
166 706 472
167 828 472
168 856 472
169 710 472
170 932 472
171 836 472
172 782 472
173 578 472
174 660 472
175 856 472
176 788 472
177 614 472
178 818 472
179 828 472
180 826 472
181 646 472
182 640 472
183 706 472
184 868 472
185 834 472
186 810 472
187 774 472
188 682 472
189 584 472
190 802 472
191 732 472
192 814 472
193 680 472
194 914 472
195 842 472
196 894 472
197 804 472
198 774 472
199 866 472
200 554 472
201 870 472
202 808 472
203 836 472
204 752 472
205 806 472
206 906 472
207 776 472
208 782 472
209 818 472
210 782 472
211 760 472
212 832 472
213 686 472
214 782 472
215 832 472
216 796 472
217 864 472
218 700 472
219 846 472
220 744 472
221 806 472
222 640 472
223 550 472
224 866 472
225 592 472
226 842 472
227 766 472
228 726 472
229 836 472
230 668 472
231 538 472
232 572 472
233 684 472
234 850 472
235 678 472
236 824 472
237 846 472
238 660 472
239 828 472
240 856 472
241 716 472
242 840 472
243 482 472
244 738 472
245 890 472
246 742 472
247 748 472
248 798 472
249 786 472
250 790 472
251 756 472
252 846 472
253 456 422
254 660 422
255 678 422
256 756 422
257 738 422
258 802 422
259 818 422
260 864 422
261 798 422
262 644 422
263 484 422
264 856 422
265 804 422
266 702 422
267 830 422
268 466 422
269 806 422
270 684 422
271 674 422
272 654 422
273 842 422
274 764 422
275 812 422
276 776 422
277 752 422
278 812 422
279 762 422
280 852 422
281 820 422
282 808 422
283 726 422
284 844 422
285 804 422
286 842 422
287 750 422
288 798 422
289 820 422
290 816 422
291 838 422
292 766 422
293 824 422
294 742 422
295 860 422
296 840 422
297 652 422
298 802 422
299 906 422
300 852 422
301 616 422
302 758 422
303 680 422
304 816 422
305 564 422
306 958 422
307 854 422
308 692 422
309 572 422
310 810 422
311 918 422
312 862 422
313 826 422
314 836 422
315 886 422
316 842 422
317 806 422
318 778 422
319 798 422
320 786 422
321 580 422
322 816 422
323 676 422
324 732 422
325 804 422
326 714 422
327 788 422
328 786 422
329 800 422
330 682 422
331 700 422
332 842 422
333 806 422
334 690 422
335 728 422
336 830 422
337 804 422
338 562 422
339 822 422
340 824 422
341 850 422
342 810 422
343 760 422
344 542 422
345 800 422
346 724 422
347 670 422
348 768 422
349 526 422
350 690 422
351 656 422
352 842 422
353 842 422
354 798 422
355 584 422
356 830 422
357 766 422
358 770 422
359 806 422
360 758 422
361 810 422
362 562 422
363 718 422
364 674 422
365 764 422
366 538 422
367 756 422
368 846 422
369 788 422
370 748 422
371 586 422
372 860 422
373 718 422
374 808 422
375 678 422
376 772 422
377 734 422
378 830 422
379 806 422
380 712 422
381 836 422
382 690 422
383 780 422
384 650 422
385 752 422
386 620 422
387 868 422
388 780 422
389 892 422
390 810 422
391 700 422
392 776 422
393 850 422
394 652 422
395 720 422
396 704 422
397 874 422
398 832 422
399 604 422
400 784 422
401 830 422
402 868 422
403 856 422
404 780 422
405 796 422
406 760 422
407 806 422
408 718 422
409 666 422
410 854 422
411 804 422
412 578 422
413 864 422
414 678 422
415 662 422
416 948 422
417 808 422
418 786 422
419 802 422
420 888 422
421 580 422
422 802 422
423 790 422
424 834 422
425 708 422
426 752 422
427 724 422
428 606 422
429 796 422
430 730 422
431 722 422
432 836 422
433 846 422
434 684 422
435 588 422
436 736 422
437 528 422
438 808 422
439 746 422
440 750 422
441 688 422
442 812 422
443 870 422
444 518 422
445 864 422
446 820 422
447 780 422
448 724 422
449 728 422
450 768 422
451 842 422
452 734 422
453 750 422
454 706 422
455 802 422
456 768 422
457 582 422
458 864 422
459 684 422
460 568 422
461 852 422
462 854 422
463 862 422
464 606 422
465 824 422
466 686 422
467 860 422
468 806 422
469 524 422
470 832 422
471 882 422
472 816 422
473 778 422
474 794 422
475 676 422
476 830 422
477 796 422
478 868 422
479 872 422
480 798 422
481 834 422
482 754 422
483 710 422
484 828 422
485 810 422
486 788 422
487 798 422
488 774 422
489 760 422
490 684 422
491 842 422
492 628 422
493 610 422
494 688 422
495 846 422
496 762 422
497 584 422
498 678 422
499 848 422
500 690 422
501 838 422
502 868 422
503 846 422
504 836 422
505 740 422
506 754 422
507 828 422
508 874 422
509 818 422
510 726 422
511 758 422
512 754 422
513 778 422
514 642 422
515 840 422
516 828 422
517 864 422
518 736 422
519 802 422
520 650 422
521 840 422
522 740 422
523 744 422
524 866 422
525 796 422
526 620 422
527 758 422
528 744 422
529 874 422
530 466 422
531 782 422
532 780 422
533 708 422
534 798 422
535 784 422
536 772 422
537 604 422
538 834 422
539 760 422
540 626 422
541 778 422
542 686 422
543 712 422
544 892 422
545 644 422
546 842 422
547 754 422
548 834 422
549 728 422
550 534 422
551 720 422
552 698 422
553 772 422
554 712 422
555 838 422
556 866 422
557 820 422
558 856 422
559 802 422
560 812 422
561 766 422
562 726 422
563 584 422
564 834 422
565 740 422
566 806 422
567 722 422
568 584 422
569 850 422
570 582 422
571 334 334
572 716 334
573 788 334
574 868 334
575 620 334
576 678 334
577 844 334
578 836 334
579 704 334
580 840 334
581 824 334
582 812 334
583 570 334
584 752 334
585 632 334
586 774 334
587 668 334
588 778 334
589 650 334
590 798 334
591 606 334
592 792 334
593 752 334
594 614 334
595 806 334
596 788 334
597 754 334
598 796 334
599 776 334
600 734 334
601 854 334
602 836 334
603 796 334
604 854 334
605 536 334
606 622 334
607 898 334
608 564 334
609 832 334
610 678 334
611 620 334
612 762 334
613 674 334
614 856 334
615 364 334
616 774 334
617 846 334
618 766 334
619 630 334
620 466 334
621 722 334
622 816 334
623 806 334
624 796 334
625 798 334
626 778 334
627 872 334
628 860 334
629 780 334
630 718 334
631 782 334
632 848 334
633 692 334
634 828 334
635 756 334
636 836 334
637 584 334
638 750 334
639 840 334
640 772 334
641 582 334
642 400 334
643 936 334
644 702 334
645 840 334
646 554 334
647 814 334
648 846 334
649 822 334
650 674 334
651 852 334
652 806 334
653 880 334
654 734 334
655 742 334
656 584 334
657 776 334
658 718 334
659 706 334
660 856 334
661 840 334
662 744 334
663 878 334
664 842 334
665 510 334
666 666 334
667 662 334
668 710 334
669 774 334
670 802 334
671 738 334
672 646 334
673 712 334
674 700 334
675 802 334
676 796 334
677 866 334
678 800 334
679 808 334
680 850 334
681 940 334
682 786 334
683 712 334
684 754 334
685 836 334
686 680 334
687 762 334
688 746 334
689 742 334
690 768 334
691 718 334
692 902 334
693 682 334
694 852 334
695 764 334
696 828 334
697 692 334
698 640 334
699 792 334
700 660 334
701 734 334
702 612 334
703 586 334
704 718 334
705 736 334
706 860 334
707 756 334
708 786 334
709 774 334
710 794 334
711 710 334
712 830 334
713 844 334
714 882 334
715 758 334
716 892 334
717 764 334
718 664 334
719 796 334
720 734 334
721 774 334
722 790 334
723 816 334
724 712 334
725 902 334
726 662 334
727 822 334
728 864 334
729 784 334
730 786 334
731 784 334
732 640 334
733 784 334
734 860 334
735 672 334
736 824 334
737 822 334
738 844 334
739 832 334
740 520 334
741 752 334
742 890 334
743 642 334
744 778 334
745 820 334
746 822 334
747 720 334
748 856 334
749 662 334
750 850 334
751 810 334
752 750 334
753 844 334
754 578 334
755 732 334
756 748 334
757 804 334
758 836 334
759 774 334
760 794 334
761 554 334
762 668 334
763 822 334
764 796 334
765 688 334
766 796 334
767 734 334
768 780 334
769 764 334
770 730 334
771 768 334
772 874 334
773 748 334
774 670 334
775 612 334
776 838 334
777 800 334
778 706 334
779 682 334
780 714 334
781 778 334
782 840 334
783 682 334
784 778 334
785 758 334
786 784 334
787 816 334
788 616 334
789 772 334
790 842 334
791 684 334
792 864 334
793 816 334
794 876 334
795 802 334
796 646 334
797 538 334
798 752 334
799 644 334
800 732 334
801 770 334
802 852 334
803 860 334
804 660 334
805 910 334
806 856 334
807 848 334
808 768 334
809 788 334
810 560 334
811 710 334
812 820 334
813 710 334
814 706 334
815 776 334
816 924 334
817 832 334
818 798 334
819 674 334
820 860 334
821 818 334
822 784 334
823 768 334
824 824 334
825 586 334
826 712 334
827 702 334
828 842 334
829 820 334
830 770 334
831 874 334
832 736 334
833 542 334
834 694 334
835 798 334
836 662 334
837 566 334
838 738 334
839 768 334
840 644 334
841 824 334
842 706 334
843 758 334
844 778 334
845 814 334
846 680 334
847 662 334
848 782 334
849 712 334
850 816 334
851 778 334
852 754 334
853 728 334
854 818 334
855 718 334
856 868 334
857 900 334
858 772 334
859 738 334
860 742 334
861 596 334
862 668 334
863 908 334
864 638 334
865 548 334
866 652 334
867 576 334
868 782 334
869 782 334
870 644 334
871 756 334
872 860 334
873 778 334
874 794 334
875 864 334
876 724 334
877 876 334
878 820 334
879 850 334
880 768 334
881 804 334
882 766 334
883 910 334
884 860 334
885 836 334
886 780 334
887 880 334
888 514 334
889 582 334
890 450 334
891 788 334
892 762 334
893 832 334
894 766 334
895 806 334
896 796 334
897 786 334
898 614 334
899 472 334
900 824 334
901 798 334
902 876 334
903 854 334
904 646 334
905 542 334
906 526 334
907 640 334
908 562 334
909 846 334
910 752 334
911 788 334
912 842 334
913 844 334
914 856 334
915 868 334
916 622 334
917 610 334
918 700 334
919 786 334
920 688 334
921 874 334
922 730 334
923 720 334
924 858 334
925 798 334
926 762 334
927 870 334
928 510 334
929 860 334
930 852 334
931 808 334
932 826 334
933 856 334
934 758 334
935 652 334
936 794 334
937 812 334
938 772 334
939 854 334
940 842 334
941 838 334
942 796 334
943 742 334
944 660 334
945 900 334
946 790 334
947 800 334
948 760 334
949 538 334
950 696 334
951 752 334
952 832 334
953 794 334
954 708 334
955 848 334
956 850 334
957 780 334
958 796 334
959 814 334
960 812 334
961 712 334
962 792 334
963 834 334
964 790 334
965 650 334
966 830 334
967 792 334
968 780 334
969 784 334
970 776 334
971 806 334
972 550 334
973 792 334
974 628 334
975 816 334
976 820 334
977 622 334
978 756 334
979 734 334
980 706 334
981 816 334
982 596 334
983 796 334
984 798 334
985 714 334
986 760 334
987 608 334
988 718 334
989 808 334
990 812 334
991 898 334
992 826 334
993 848 334
994 746 334
995 760 334
996 722 334
997 824 334
998 708 334
999 876 334
1000 724 334
1001 780 334
1002 866 334
1003 778 334
1004 580 334
1005 938 334
1006 838 334
1007 644 334
1008 790 334
1009 708 334
1010 798 334
1011 846 334
1012 796 334
1013 728 334
1014 618 334
1015 904 334
1016 696 334
1017 828 334
1018 834 334
1019 814 334
1020 864 334
1021 606 334
1022 738 334
1023 832 334
1024 832 334
1025 702 334
1026 780 334
1027 920 334
1028 688 334
1029 782 334
1030 742 334
1031 756 334
1032 784 334
1033 756 334
1034 820 334
1035 618 334
1036 796 334
1037 706 334
1038 548 334
1039 612 334
1040 704 334
1041 834 334
1042 796 334
1043 608 334
1044 762 334
1045 748 334
1046 818 334
1047 836 334
1048 774 334
1049 718 334
1050 784 334
1051 802 334
1052 874 334
1053 778 334
1054 866 334
1055 744 334
1056 822 334
1057 760 334
1058 818 334
1059 644 334
1060 810 334
1061 780 334
1062 684 334
1063 650 334
1064 622 334
1065 646 334
1066 744 334
1067 804 334
1068 830 334
1069 778 334
1070 778 334
1071 848 334
1072 806 334
1073 834 334
1074 802 334
1075 618 334
1076 772 334
1077 806 334
1078 836 334
1079 754 334
1080 756 334
1081 738 334
1082 680 334
1083 604 334
1084 768 334
1085 770 334
1086 862 334
1087 716 334
1088 808 334
1089 736 334
1090 808 334
1091 866 334
1092 872 334
1093 830 334
1094 902 334
1095 832 334
1096 780 334
1097 682 334
1098 708 334
1099 702 334
1100 664 334
1101 848 334
1102 716 334
1103 630 334
1104 806 334
1105 678 334
1106 822 334
1107 822 334
1108 828 334
1109 892 334
1110 900 334
1111 826 334
1112 796 334
1113 774 334
1114 732 334
1115 716 334
1116 644 334
1117 748 334
1118 650 334
1119 836 334
1120 710 334
1121 836 334
1122 794 334
1123 900 334
1124 752 334
1125 816 334
1126 558 334
1127 766 334
1128 850 334
1129 752 334
1130 826 334
1131 608 334
1132 774 334
1133 798 334
1134 710 334
1135 554 334
1136 574 334
1137 828 334
1138 586 334
1139 588 334
1140 640 334
1141 758 334
1142 702 334
1143 840 334
1144 686 334
1145 686 334
1146 762 334
1147 712 334
1148 858 334
1149 702 334
1150 668 334
1151 724 334
1152 808 334
1153 808 334
1154 788 334
1155 732 334
1156 702 334
1157 842 334
1158 782 334
1159 818 334
1160 738 334
1161 620 334
1162 770 334
1163 722 334
1164 744 334
1165 810 334
1166 762 334
1167 814 334
1168 528 334
1169 744 334
1170 854 334
1171 874 334
1172 810 334
1173 746 334
1174 768 334
1175 712 334
1176 848 334
1177 780 334
1178 900 334
1179 674 334
1180 898 334
1181 866 334
1182 750 334
1183 772 334
1184 816 334
1185 812 334
1186 786 334
1187 820 334
1188 804 334
1189 804 334
1190 700 334
1191 734 334
1192 756 334
1193 808 334
1194 846 334
1195 840 334
1196 828 334
1197 820 334
1198 786 334
1199 652 334
1200 792 334
1201 838 334
1202 866 334
1203 604 334
1204 618 334
1205 754 334
1206 674 334
1207 752 334
1208 782 334
1209 504 334
1210 566 334
1211 792 334
1212 768 334
1213 870 334
1214 674 334
1215 788 334
1216 556 334
1217 582 334
1218 682 334
1219 756 334
1220 838 334
1221 616 334
1222 824 334
1223 642 334
1224 838 334
1225 620 334
1226 674 334
1227 836 334
1228 788 334
1229 858 334
1230 646 334
1231 712 334
1232 648 334
1233 902 334
1234 716 334
1235 806 334
1236 762 334
1237 768 334
1238 630 334
1239 768 334
1240 556 334
1241 806 334
1242 766 334
1243 834 334
1244 806 334
1245 730 334
1246 518 334
1247 782 334
1248 824 334
1249 736 334
1250 714 334
1251 778 334
1252 740 334
1253 782 334
1254 896 334
1255 538 334
1256 790 334
1257 752 334
1258 740 334
1259 568 334
1260 550 334
1261 640 334
1262 560 334
1263 634 334
1264 718 334
1265 740 334
1266 786 334
1267 766 334
1268 836 334
1269 836 334
1270 762 334
1271 818 334
1272 692 334
1273 818 334
1274 786 334
1275 730 334
1276 744 334
1277 790 334
1278 708 334
1279 606 334
1280 708 334
1281 732 334
1282 510 334
1283 814 334
1284 680 334
1285 800 334
1286 800 334
1287 810 334
1288 808 334
1289 860 334
1290 764 334
1291 786 334
1292 760 334
1293 658 334
1294 890 334
1295 866 334
1296 760 334
1297 790 334
1298 732 334
1299 788 334
1300 820 334
1301 924 334
1302 704 334
1303 826 334
1304 666 334
1305 848 334
1306 648 334
1307 694 334
1308 786 334
1309 752 334
1310 860 334
1311 880 334
1312 594 334
1313 832 334
1314 748 334
1315 770 334
1316 862 334
1317 840 334
1318 806 334
1319 756 334
1320 662 334
1321 740 334
1322 534 334
1323 710 334
1324 876 334
1325 828 334
1326 846 334
1327 776 334
1328 898 334
1329 748 334
1330 674 334
1331 764 334
1332 766 334
1333 842 334
1334 820 334
1335 686 334
1336 714 334
1337 810 334
1338 824 334
1339 790 334
1340 828 334
1341 732 334
1342 820 334
1343 640 334
1344 814 334
1345 876 334
1346 758 334
1347 772 334
1348 838 334
1349 768 334
1350 814 334
1351 830 334
1352 764 334
1353 742 334
1354 466 334
1355 780 334
1356 584 334
1357 640 334
1358 716 334
1359 802 334
1360 810 334
1361 864 334
1362 582 334
1363 722 334
1364 772 334
1365 612 334
1366 554 334
1367 676 334
1368 844 334
1369 516 334
1370 786 334
1371 742 334
1372 766 334
1373 836 334
1374 652 334
1375 768 334
1376 670 334
1377 782 334
1378 760 334
1379 850 334
1380 800 334
1381 796 334
1382 694 334
1383 674 334
1384 834 334
1385 498 334
1386 636 334
1387 660 334
1388 674 334
1389 708 334
1390 762 334
1391 786 334
1392 842 334
1393 792 334
1394 854 334
1395 782 334
1396 828 334
1397 852 334
1398 766 334
1399 766 334
1400 752 334
1401 584 334
1402 564 334
1403 834 334
1404 864 334
1405 584 334
1406 716 334
1407 854 334
1408 716 334
1409 712 334
1410 554 334
1411 762 334
1412 848 334
1413 842 334
1414 858 334
1415 818 334
1416 922 334
1417 778 334
1418 708 334
1419 752 334
1420 802 334
1421 800 334
1422 564 334
1423 640 334
1424 806 334
1425 794 334
1426 838 334
1427 666 334
1428 734 334
1429 876 334
1430 830 334
1431 740 334
1432 848 334
1433 752 334
1434 866 334
1435 800 334
1436 764 334
1437 840 334
1438 814 334
1439 668 334
1440 828 334
1441 856 334
1442 758 334
1443 780 334
1444 862 334
1445 528 334
1446 774 334
1447 900 334
1448 868 334
1449 838 334
1450 834 334
1451 858 334
1452 722 334
1453 694 334
1454 572 334
1455 722 334
1456 806 334
1457 710 334
1458 842 334
1459 594 334
1460 838 334
1461 830 334
1462 706 334
1463 742 334
1464 794 334
1465 622 334
1466 686 334
1467 738 334
1468 808 334
1469 772 334
1470 862 334
1471 708 334
1472 706 334
1473 792 334
1474 644 334
1475 786 334
1476 804 334
1477 768 334
1478 790 334
1479 722 334
1480 692 334
1481 834 334
1482 806 334
1483 790 334
1484 816 334
1485 784 334
1486 780 334
1487 862 334
1488 680 334
1489 834 334
1490 798 334
1491 814 334
1492 828 334
1493 892 334
1494 828 334
1495 862 334
1496 758 334
1497 738 334
1498 744 334
1499 870 334
1500 826 334
1501 774 334
1502 816 334
1503 776 334
1504 808 334
1505 738 334
1506 794 334
1507 638 334
1508 796 334
1509 726 334
1510 770 334
1511 844 334
1512 866 334
1513 822 334
1514 842 334
1515 688 334
1516 762 334
1517 808 334
1518 694 334
1519 868 334
1520 722 334
1521 712 334
1522 762 334
1523 808 334
1524 726 334
1525 806 334
1526 842 334
1527 850 334
1528 824 334
1529 820 334
1530 838 334
1531 688 334
1532 818 334
1533 754 334
1534 804 334
1535 768 334
1536 794 334
1537 654 334
1538 774 334
1539 888 334
1540 702 334
1541 696 334
1542 820 334
1543 582 334
1544 706 334
1545 718 334
1546 718 334
1547 820 334
1548 798 334
1549 738 334
1550 824 334
1551 774 334
1552 582 334
1553 776 334
1554 852 334
1555 708 334
1556 840 334
1557 812 334
1558 704 334
1559 836 334
1560 762 334
1561 800 334
1562 834 334
1563 800 334
1564 866 334
1565 546 334
1566 780 334
1567 748 334
1568 718 334
1569 768 334
1570 766 334
1571 686 334
1572 794 334
1573 700 334
1574 472 334
1575 774 334
1576 742 334
1577 784 334
1578 862 334
1579 804 334
1580 846 334
1581 730 334
1582 830 334
1583 802 334
1584 786 334
1585 824 334
1586 700 334
1587 756 334
1588 584 334
1589 784 334
1590 858 334
1591 784 334
1592 860 334
1593 596 334
1594 706 334
1595 832 334
1596 904 334
1597 562 334
1598 840 334
1599 848 334
1600 542 334
1601 800 334
1602 842 334
1603 840 334
1604 740 334
1605 784 334
1606 578 334
1607 468 334
1608 704 334
1609 808 334
1610 762 334
1611 746 334
1612 812 334
1613 638 334
1614 826 334
1615 794 334
1616 794 334
1617 608 334
1618 718 334
1619 782 334
1620 828 334
1621 882 334
1622 822 334
1623 792 334
1624 856 334
1625 730 334
1626 738 334
1627 622 334
1628 808 334
1629 700 334
1630 824 334
1631 718 334
1632 820 334
1633 852 334
1634 806 334
1635 776 334
1636 842 334
1637 906 334
1638 724 334
1639 640 334
1640 678 334
1641 636 334
1642 548 334
1643 786 334
1644 814 334
1645 842 334
1646 740 334
1647 768 334
1648 828 334
1649 654 334
1650 868 334
1651 730 334
1652 708 334
1653 730 334
1654 744 334
1655 888 334
1656 810 334
1657 848 334
1658 796 334
1659 798 334
1660 642 334
1661 778 334
1662 814 334
1663 864 334
1664 690 334
1665 698 334
1666 780 334
1667 466 334
1668 790 334
1669 678 334
1670 814 334
1671 706 334
1672 756 334
1673 802 334
1674 836 334
1675 666 334
1676 748 334
1677 836 334
1678 824 334
1679 708 334
1680 790 334
1681 844 334
1682 898 334
1683 758 334
1684 798 334
1685 866 334
1686 780 334
1687 888 334
1688 774 334
1689 814 334
1690 802 334
1691 566 334
1692 728 334
1693 708 334
1694 806 334
1695 652 334
1696 654 334
1697 712 334
1698 738 334
1699 834 334
1700 840 334
1701 808 334
1702 498 334
1703 804 334
1704 830 334
1705 806 334
1706 662 334
1707 854 334
1708 780 334
1709 738 334
1710 834 334
1711 716 334
1712 682 334
1713 596 334
1714 728 334
1715 836 334
1716 880 334
1717 588 334
1718 738 334
1719 848 334
1720 834 334
1721 800 334
1722 800 334
1723 888 334
1724 754 334
1725 894 334
1726 844 334
1727 850 334
1728 796 334
1729 766 334
1730 802 334
1731 810 334
1732 830 334
1733 864 334
1734 798 334
1735 798 334
1736 842 334
1737 744 334
1738 686 334
1739 578 334
1740 758 334
1741 816 334
1742 644 334
1743 734 334
1744 840 334
1745 806 334
1746 554 334
1747 838 334
1748 848 334
1749 828 334
1750 588 334
1751 790 334
1752 868 334
1753 648 334
1754 838 334
1755 682 334
1756 826 334
1757 798 334
1758 804 334
1759 764 334
1760 422 334
1761 796 334
1762 766 334
1763 832 334
1764 830 334
1765 518 334
1766 586 334
1767 834 334
1768 616 334
1769 862 334
1770 782 334
1771 736 334
1772 758 334
1773 716 334
1774 736 334
1775 852 334
1776 784 334
1777 818 334
1778 872 334
1779 902 334
1780 804 334
1781 778 334
1782 772 334
1783 752 334
1784 654 334
1785 752 334
1786 780 334
1787 606 334
1788 782 334
1789 842 334
1790 816 334
1791 808 334
1792 824 334
1793 824 334
1794 902 334
1795 906 334
1796 800 334
1797 830 334
1798 516 334
1799 756 334
1800 694 334
1801 794 334
1802 794 334
1803 814 334
1804 594 334
1805 840 334
1806 824 334
1807 582 334
1808 808 334
1809 754 334
1810 778 334
1811 820 334
1812 804 334
1813 826 334
1814 674 334
1815 816 334
1816 842 334
1817 682 334
1818 778 334
1819 806 334
1820 840 334
1821 750 334
1822 778 334
1823 878 334
1824 782 334
1825 544 334
1826 526 334
1827 782 334
1828 898 334
1829 874 334
1830 708 334
1831 784 334
1832 702 334
1833 842 334
1834 758 334
1835 782 334
1836 694 334
1837 854 334
1838 670 334
1839 720 334
1840 720 334
1841 688 334
1842 756 334
1843 820 334
1844 904 334
1845 764 334
1846 456 334
1847 796 334
1848 732 334
1849 778 334
1850 746 334
1851 730 334
1852 752 334
1853 822 334
1854 556 334
1855 750 334
1856 808 334
1857 862 334
1858 714 334
1859 828 334
1860 790 334
1861 780 334
1862 742 334
1863 774 334
1864 820 334
1865 768 334
1866 822 334
1867 844 334
1868 810 334
1869 806 334
1870 780 334
1871 910 334
1872 812 334
1873 774 334
1874 830 334
1875 832 334
1876 768 334
1877 800 334
1878 860 334
1879 510 334
1880 758 334
1881 712 334
1882 730 334
1883 770 334
1884 510 334
1885 786 334
1886 812 334
1887 864 334
1888 762 334
1889 586 334
1890 740 334
1891 704 334
1892 810 334
1893 876 334
1894 810 334
1895 934 334
1896 848 334
1897 662 334
1898 684 334
1899 840 334
1900 790 334
1901 772 334
1902 784 334
1903 772 334
1904 876 334
1905 720 334
1906 744 334
1907 610 334
1908 868 334
1909 812 334
1910 832 334
1911 642 334
1912 752 334
1913 832 334
1914 828 334
1915 608 334
1916 724 334
1917 674 334
1918 532 334
1919 716 334
1920 558 334
1921 642 334
1922 784 334
1923 650 334
1924 720 334
1925 620 334
1926 724 334
1927 834 334
1928 774 334
1929 888 334
1930 828 334
1931 740 334
1932 646 334
1933 732 334
1934 718 334
1935 768 334
1936 482 334
1937 714 334
1938 760 334
1939 854 334
1940 822 334
1941 790 334
1942 802 334
1943 860 334
1944 774 334
1945 850 334
1946 862 334
1947 788 334
1948 518 334
1949 608 334
1950 730 334
1951 748 334
1952 844 334
1953 906 334
1954 762 334
1955 790 334
1956 790 334
1957 780 334
1958 768 334
1959 748 334
1960 722 334
1961 740 334
1962 650 334
1963 778 334
1964 692 334
1965 784 334
1966 830 334
1967 836 334
1968 756 334
1969 810 334
1970 824 334
1971 814 334
1972 860 334
1973 752 334
1974 696 334
1975 546 334
1976 630 334
1977 628 334
1978 698 334
1979 812 334
1980 812 334
1981 842 334
1982 922 334
1983 908 334
1984 830 334
1985 704 334
1986 550 334
1987 704 334
1988 780 334
1989 808 334
1990 730 334
1991 860 334
1992 868 334
1993 828 334
1994 800 334
1995 886 334
1996 560 334
1997 800 334
1998 788 334
1999 542 334
2000 876 334
2001 874 334
2002 718 334
2003 808 334
2004 778 334
2005 876 334
2006 684 334
2007 582 334
2008 710 334
2009 786 334
2010 892 334
2011 756 334
2012 768 334
2013 762 334
2014 742 334
2015 816 334
2016 806 334
2017 728 334
2018 806 334
2019 564 334
2020 742 334
2021 744 334
2022 800 334
2023 966 334
2024 808 334
2025 466 334
2026 798 334
2027 702 334
2028 528 334
2029 692 334
2030 810 334
2031 838 334
2032 788 334
2033 812 334
2034 640 334
2035 652 334
2036 846 334
2037 738 334
2038 768 334
2039 752 334
2040 846 334
2041 704 334
2042 780 334
2043 836 334
2044 584 334
2045 840 334
2046 618 334
2047 814 334
2048 864 334
2049 714 334
2050 778 334
2051 606 334
2052 752 334
2053 554 334
2054 802 334
2055 692 334
2056 786 334
2057 680 334
2058 746 334
2059 662 334
2060 664 334
2061 810 334
2062 654 334
2063 730 334
2064 624 334
2065 592 334
2066 752 334
2067 870 334
2068 674 334
2069 770 334
2070 716 334
2071 656 334
2072 830 334
2073 770 334
2074 550 334
2075 902 334
2076 816 334
2077 710 334
2078 718 334
2079 750 334
2080 586 334
2081 806 334
2082 894 334
2083 624 334
2084 844 334
2085 766 334
2086 708 334
2087 742 334
2088 714 334
2089 796 334
2090 828 334
2091 648 334
2092 736 334
2093 640 334
2094 792 334
2095 872 334
2096 912 334
2097 862 334
2098 790 334
2099 604 334
2100 780 334
2101 736 334
2102 726 334
2103 786 334
2104 776 334
2105 722 334
2106 812 334
2107 776 334
2108 790 334
2109 748 334
2110 702 334
2111 844 334
2112 814 334
2113 828 334
2114 784 334
2115 784 334
2116 618 334
2117 482 334
2118 762 334
2119 784 334
2120 752 334
2121 732 334
2122 798 334
2123 774 334
2124 854 334
2125 804 334
2126 642 334
2127 704 334
2128 662 334
2129 580 334
2130 768 334
2131 650 334
2132 732 334
2133 778 334
2134 800 334
2135 578 334
2136 770 334
2137 830 334
2138 820 334
2139 762 334
2140 816 334
2141 862 334
2142 678 334
2143 866 334
2144 766 334
2145 786 334
2146 784 334
2147 630 334
2148 584 334
2149 912 334
2150 756 334
2151 722 334
2152 830 334
2153 708 334
2154 840 334
2155 748 334
2156 672 334
2157 778 334
2158 786 334
2159 708 334
2160 794 334
2161 760 334
2162 802 334
2163 862 334
2164 842 334
2165 840 334
2166 754 334
2167 774 334
2168 644 334
2169 592 334
2170 836 334
2171 790 334
2172 768 334
2173 788 334
2174 658 334
2175 796 334
2176 484 334
2177 838 334
2178 802 334
2179 838 334
2180 674 334
2181 538 334
2182 774 334
2183 834 334
2184 778 334
2185 846 334
2186 640 334
2187 774 334
2188 838 334
2189 862 334
2190 818 334
2191 782 334
2192 798 334
2193 568 334
2194 898 334
2195 692 334
2196 866 334
2197 788 334
2198 698 334
2199 714 334
2200 706 334
2201 642 334
2202 740 334
2203 808 334
2204 562 334
2205 760 334
2206 834 334
2207 890 334
2208 584 334
2209 770 334
2210 808 334
2211 674 334
2212 832 334
2213 690 334
2214 818 334
2215 792 334
2216 754 334
2217 828 334
2218 744 334
2219 838 334
2220 622 334
2221 684 334
2222 846 334
2223 750 334
2224 830 334
2225 854 334
2226 836 334
2227 792 334
2228 804 334
2229 632 334
2230 712 334
2231 874 334
2232 836 334
2233 824 334
2234 786 334
2235 828 334
2236 622 334
2237 816 334
2238 902 334
2239 726 334
2240 796 334
2241 542 334
2242 734 334
2243 722 334
2244 836 334
2245 846 334
2246 834 334
2247 820 334
2248 774 334
2249 834 334
2250 610 334
2251 832 334
2252 684 334
2253 774 334
2254 788 334
2255 798 334
2256 856 334
2257 594 334
2258 876 334
2259 850 334
2260 854 334
2261 778 334
2262 716 334
2263 832 334
2264 748 334
2265 802 334
2266 864 334
2267 794 334
2268 780 334
2269 814 334
2270 798 334
2271 876 334
2272 798 334
2273 734 334
2274 672 334
2275 692 334
2276 696 334
2277 834 334
2278 678 334
2279 666 334
2280 888 334
2281 830 334
2282 774 334
2283 826 334
2284 778 334
2285 788 334
2286 768 334
2287 778 334
2288 860 334
2289 582 334
2290 766 334
2291 782 334
2292 554 334
2293 826 334
2294 806 334
2295 864 334
2296 774 334
2297 760 334
2298 818 334
2299 860 334
2300 662 334
2301 730 334
2302 686 334
2303 668 334
2304 718 334
2305 778 334
2306 548 334
2307 582 334
2308 908 334
2309 660 334
2310 716 334
2311 684 334
2312 636 334
2313 650 334
2314 742 334
2315 890 334
2316 702 334
2317 772 334
2318 802 334
2319 712 334
2320 792 334
2321 832 334
2322 680 334
2323 800 334
2324 838 334
2325 690 334
2326 772 334
2327 804 334
2328 710 334
2329 860 334
2330 834 334
2331 764 334
2332 814 334
2333 804 334
2334 582 334
2335 830 334
2336 832 334
2337 868 334
2338 752 334
2339 734 334
2340 818 334
2341 702 334
2342 674 334
2343 870 334
2344 708 334
2345 666 334
2346 834 334
2347 790 334
2348 840 334
2349 756 334
2350 824 334
2351 670 334
2352 870 334
2353 752 334
2354 752 334
2355 682 334
2356 740 334
2357 788 334
2358 834 334
2359 810 334
2360 828 334
2361 702 334
2362 742 334
2363 692 334
2364 776 334
2365 806 334
2366 842 334
2367 792 334
2368 690 334
2369 802 334
2370 828 334
2371 796 334
2372 854 334
2373 498 334
2374 808 334
2375 542 334
2376 550 334
2377 772 334
2378 900 334
2379 798 334
2380 698 334
2381 798 334
2382 868 334
2383 718 334
2384 734 334
2385 786 334
2386 752 334
2387 660 334
2388 714 334
2389 516 334
2390 668 334
2391 738 334
2392 786 334
2393 808 334
2394 688 334
2395 688 334
2396 874 334
2397 618 334
2398 614 334
2399 848 334
2400 890 334
2401 614 334
2402 772 334
2403 818 334
2404 710 334
2405 450 334
2406 900 334
2407 842 334
2408 844 334
2409 906 334
2410 728 334
2411 716 334
2412 870 334
2413 874 334
2414 804 334
2415 824 334
2416 840 334
2417 826 334
2418 700 334
2419 768 334
2420 804 334
2421 794 334
2422 666 334
2423 672 334
2424 772 334
2425 692 334
2426 776 334
2427 820 334
2428 832 334
2429 778 334
2430 782 334
2431 712 334
2432 804 334
2433 780 334
2434 794 334
2435 810 334
2436 796 334
2437 732 334
2438 856 334
2439 850 334
2440 904 334
2441 756 334
2442 790 334
2443 672 334
2444 794 334
2445 814 334
2446 810 334
2447 746 334
2448 764 334
2449 652 334
2450 842 334
2451 714 334
2452 760 334
2453 738 334
2454 876 334
2455 688 334
2456 646 334
2457 706 334
2458 900 334
2459 804 334
2460 548 334
2461 840 334
2462 886 334
2463 808 334
2464 886 334
2465 578 334
2466 770 334
2467 810 334
2468 720 334
2469 766 334
2470 694 334
2471 718 334
2472 784 334
2473 866 334
2474 900 334
2475 868 334
2476 720 334
2477 538 334
2478 742 334
2479 888 334
2480 674 334
2481 806 334
2482 808 334
2483 574 334
2484 818 334
2485 754 334
2486 680 334
2487 798 334
2488 736 334
2489 808 334
2490 784 334
2491 546 334
2492 740 334
2493 826 334
2494 832 334
2495 742 334
2496 794 334
2497 776 334
2498 732 334
2499 866 334
2500 862 334
2501 802 334
2502 842 334
2503 728 334
2504 560 334
2505 738 334
2506 836 334
2507 864 334
2508 750 334
2509 672 334
2510 794 334
2511 472 334
2512 780 334
2513 572 334
2514 694 334
2515 472 334
2516 828 334
2517 758 334
2518 824 334
2519 782 334
2520 562 334
2521 624 334
2522 874 334
2523 830 334
2524 770 334
2525 740 334
2526 844 334
2527 798 334
2528 766 334
2529 662 334
2530 612 334
2531 582 334
2532 762 334
2533 652 334
2534 784 334
2535 740 334
2536 834 334
2537 816 334
2538 854 334
2539 722 334
2540 624 334
2541 770 334
2542 734 334
2543 718 334
2544 798 334
2545 692 334
2546 654 334
2547 526 334
2548 758 334
2549 780 334
2550 736 334
2551 856 334
2552 806 334
2553 854 334
2554 776 334
2555 780 334
2556 862 334
2557 794 334
2558 604 334
2559 558 334
2560 768 334
2561 658 334
2562 692 334
2563 848 334
2564 782 334
2565 706 334
2566 704 334
2567 774 334
2568 766 334
2569 776 334
2570 776 334
2571 762 334
2572 720 334
2573 676 334
2574 572 334
2575 704 334
2576 862 334
2577 848 334
2578 798 334
2579 516 334
2580 466 334
2581 794 334
2582 870 334
2583 724 334
2584 820 334
2585 764 334
2586 770 334
2587 778 334
2588 878 334
2589 784 334
2590 766 334
2591 758 334
2592 870 334
2593 920 334
2594 804 334
2595 768 334
2596 934 334
2597 694 334
2598 780 334
2599 848 334
2600 870 334
2601 820 334
2602 694 334
2603 412 334
2604 756 334
2605 518 334
2606 788 334
2607 694 334
2608 772 334
2609 824 334
2610 860 334
2611 822 334
2612 866 334
2613 758 334
2614 690 334
2615 776 334
2616 834 334
2617 810 334
2618 702 334
2619 796 334
2620 806 334
2621 686 334
2622 766 334
2623 680 334
2624 864 334
2625 806 334
2626 896 334
2627 694 334
2628 820 334
2629 862 334
2630 412 334
2631 928 334
2632 686 334
2633 834 334
2634 768 334
2635 784 334
2636 636 334
2637 676 334
2638 870 334
2639 740 334
2640 486 334
2641 860 334
2642 864 334
2643 802 334
2644 830 334
2645 800 334
2646 832 334
2647 730 334
2648 748 334
2649 828 334
2650 838 334
2651 594 334
2652 410 334
2653 790 334
2654 808 334
2655 872 334
2656 806 334
2657 910 334
2658 816 334
2659 826 334
2660 862 334
2661 738 334
2662 782 334
2663 784 334
2664 770 334
2665 992 334
2666 466 334
2667 816 334
2668 812 334
2669 658 334
2670 764 334
2671 864 334
2672 860 334
2673 864 334
2674 688 334
2675 782 334
2676 618 334
2677 804 334
2678 704 334
2679 900 334
2680 756 334
2681 554 334
2682 750 334
2683 836 334
2684 742 334
2685 846 334
2686 786 334
2687 816 334
2688 816 334
2689 796 334
2690 900 334
2691 704 334
2692 802 334
2693 764 334
2694 730 334
2695 670 334
2696 710 334
2697 804 334
2698 686 334
2699 678 334
2700 482 334
2701 752 334
2702 778 334
2703 728 334
2704 652 334
2705 610 334
2706 588 334
2707 838 334
2708 718 334
2709 748 334
2710 620 334
2711 618 334
2712 800 334
2713 762 334
2714 826 334
2715 830 334
2716 808 334
2717 848 334
2718 822 334
2719 840 334
2720 796 334
2721 736 334
2722 850 334
2723 804 334
2724 766 334
2725 690 334
2726 818 334
2727 572 334
2728 806 334
2729 698 334
2730 556 334
2731 618 334
2732 864 334
2733 744 334
2734 864 334
2735 830 334
2736 848 334
2737 874 334
2738 758 334
2739 830 334
2740 834 334
2741 768 334
2742 732 334
2743 830 334
2744 810 334
2745 754 334
2746 764 334
2747 716 334
2748 472 334
2749 778 334
2750 856 334
2751 890 334
2752 742 334
2753 830 334
2754 780 334
2755 898 334
2756 678 334
2757 802 334
2758 794 334
2759 782 334
2760 798 334
2761 856 334
2762 568 334
2763 828 334
2764 768 334
2765 542 334
2766 752 334
2767 824 334
2768 814 334
2769 838 334
2770 848 334
2771 782 334
2772 750 334
2773 768 334
2774 772 334
2775 798 334
2776 930 334
2777 738 334
2778 760 334
2779 776 334
2780 618 334
2781 734 334
2782 662 334
2783 872 334
2784 614 334
2785 620 334
2786 752 334
2787 658 334
2788 620 334
2789 586 334
2790 684 334
2791 666 334
2792 742 334
2793 738 334
2794 778 334
2795 730 334
2796 794 334
2797 450 334
2798 784 334
2799 768 334
2800 554 334
2801 858 334
2802 824 334
2803 862 334
2804 678 334
2805 650 334
2806 744 334
2807 778 334
2808 536 334
2809 830 334
2810 782 334
2811 778 334
2812 820 334
2813 836 334
2814 894 334
2815 532 334
2816 860 334
2817 730 334
2818 772 334
2819 614 334
2820 758 334
2821 710 334
2822 842 334
2823 710 334
2824 836 334
2825 580 334
2826 782 334
2827 836 334
2828 778 334
2829 608 334
2830 856 334
2831 718 334
2832 834 334
2833 856 334
2834 828 334
2835 836 334
2836 804 334
2837 710 334
2838 738 334
2839 834 334
2840 608 334
2841 806 334
2842 802 334
2843 616 334
2844 770 334
2845 658 334
2846 804 334
2847 806 334
2848 844 334
2849 790 334
2850 698 334
2851 804 334
2852 802 334
2853 836 334
2854 646 334
2855 812 334
2856 798 334
2857 682 334
2858 790 334
2859 818 334
2860 798 334
2861 712 334
2862 778 334
2863 784 334
2864 618 334
2865 700 334
2866 770 334
2867 848 334
2868 864 334
2869 788 334
2870 706 334
2871 642 334
2872 782 334
2873 806 334
2874 804 334
2875 766 334
2876 562 334
2877 964 334
2878 778 334
2879 840 334
2880 808 334
2881 584 334
2882 714 334
2883 762 334
2884 768 334
2885 888 334
2886 774 334
2887 684 334
2888 828 334
2889 894 334
2890 766 334
2891 748 334
2892 706 334
2893 746 334
2894 538 334
2895 650 334
2896 794 334
2897 584 334
2898 618 334
2899 618 334
2900 904 334
2901 746 334
2902 858 334
2903 862 334
2904 752 334
2905 838 334
2906 782 334
2907 850 334
2908 790 334
2909 796 334
2910 816 334
2911 838 334
2912 824 334
2913 760 334
2914 768 334
2915 810 334
2916 728 334
2917 832 334
2918 678 334
2919 826 334
2920 706 334
2921 780 334
2922 904 334
2923 766 334
2924 736 334
2925 602 334
2926 786 334
2927 834 334
2928 650 334
2929 624 334
2930 614 334
2931 770 334
2932 760 334
2933 798 334
2934 772 334
2935 790 334
2936 696 334
2937 776 334
2938 554 334
2939 736 334
2940 684 334
2941 836 334
2942 802 334
2943 686 334
2944 778 334
2945 688 334
2946 802 334
2947 832 334
2948 778 334
2949 766 334
2950 814 334
2951 784 334
2952 892 334
2953 748 334
2954 794 334
2955 748 334
2956 746 334
2957 790 334
2958 802 334
2959 678 334
2960 846 334
2961 734 334
2962 722 334
2963 830 334
2964 772 334
2965 732 334
2966 830 334
2967 830 334
2968 704 334
2969 798 334
2970 738 334
2971 760 334
2972 698 334
2973 854 334
2974 842 334
2975 818 334
2976 748 334
2977 876 334
2978 842 334
2979 848 334
2980 904 334
2981 758 334
2982 900 334
2983 1006 334
2984 816 334
2985 778 334
2986 810 334
2987 744 334
2988 790 334
2989 910 334
2990 876 334
2991 818 334
2992 412 334
2993 838 334
2994 810 334
2995 524 334
2996 680 334
2997 826 334
2998 796 334
2999 810 334
3000 826 334
3001 784 334
3002 734 334
3003 832 334
3004 520 334
3005 838 334
3006 760 334
3007 708 334
3008 894 334
3009 806 334
3010 648 334
3011 792 334
3012 752 334
3013 782 334
3014 916 334
3015 684 334
3016 854 334
3017 584 334
3018 898 334
3019 840 334
3020 768 334
3021 862 334
3022 874 334
3023 876 334
3024 824 334
3025 842 334
3026 682 334
3027 834 334
3028 688 334
3029 806 334
3030 864 334
3031 848 334
3032 676 334
3033 730 334
3034 866 334
3035 810 334
3036 828 334
3037 696 334
3038 862 334
3039 762 334
3040 718 334
3041 834 334
3042 720 334
3043 726 334
3044 830 334
3045 538 334
3046 758 334
3047 634 334
3048 658 334
3049 692 334
3050 724 334
3051 738 334
3052 586 334
3053 832 334
3054 772 334
3055 690 334
3056 876 334
3057 844 334
3058 694 334
3059 862 334
3060 712 334
3061 732 334
3062 786 334
3063 886 334
3064 764 334
3065 754 334
3066 840 334
3067 640 334
3068 876 334
3069 852 334
3070 940 334
3071 606 334
3072 810 334
3073 748 334
3074 798 334
3075 820 334
3076 760 334
3077 686 334
3078 808 334
3079 792 334
3080 834 334
3081 660 334
3082 688 334
3083 674 334
3084 838 334
3085 780 334
3086 776 334
3087 842 334
3088 842 334
3089 638 334
3090 784 334
3091 632 334
3092 746 334
3093 572 334
3094 684 334
3095 706 334
3096 788 334
3097 774 334
3098 808 334
3099 778 334
3100 816 334
3101 766 334
3102 688 334
3103 582 334
3104 686 334
3105 828 334
3106 790 334
3107 504 334
3108 860 334
3109 792 334
3110 790 334
3111 754 334
3112 612 334
3113 892 334
3114 618 334
3115 712 334
3116 810 334
3117 694 334
3118 896 334
3119 794 334
3120 618 334
3121 766 334
3122 620 334
3123 782 334
3124 708 334
3125 718 334
3126 800 334
3127 742 334
3128 878 334
3129 868 334
3130 828 334
3131 742 334
3132 786 334
3133 854 334
3134 674 334
3135 758 334
3136 706 334
3137 800 334
3138 876 334
3139 758 334
3140 654 334
3141 844 334
3142 796 334
3143 518 334
3144 642 334
3145 674 334
3146 694 334
3147 796 334
3148 808 334
3149 702 334
3150 818 334
3151 830 334
3152 774 334
3153 842 334
3154 734 334
3155 804 334
3156 720 334
3157 810 334
3158 780 334
3159 766 334
3160 768 334
3161 812 334
3162 774 334
3163 850 334
3164 810 334
3165 812 334
3166 548 334
3167 866 334
3168 782 334
3169 848 334
3170 884 334
3171 700 334
3172 610 334
3173 752 334
3174 786 334
3175 746 334
3176 794 334
3177 834 334
3178 806 334
3179 780 334
3180 864 334
3181 836 334
3182 740 334
3183 756 334
3184 832 334
3185 874 334
3186 740 334
3187 832 334
3188 612 334
3189 712 334
3190 774 334
3191 834 334
3192 834 334
3193 828 334
3194 806 334
3195 680 334
3196 744 334
3197 632 334
3198 864 334
3199 774 334
3200 670 334
3201 804 334
3202 686 334
3203 796 334
3204 712 334
3205 892 334
3206 858 334
3207 892 334
3208 800 334
3209 706 334
3210 718 334
3211 836 334
3212 828 334
3213 586 334
3214 818 334
3215 792 334
3216 586 334
3217 620 334
3218 752 334
3219 860 334
3220 826 334
3221 858 334
3222 682 334
3223 774 334
3224 780 334
3225 896 334
3226 896 334
3227 814 334
3228 772 334
3229 802 334
3230 754 334
3231 586 334
3232 828 334
3233 832 334
3234 842 334
3235 774 334
3236 786 334
3237 782 334
3238 680 334
3239 608 334
3240 722 334
3241 862 334
3242 638 334
3243 864 334
3244 652 334
3245 882 334
3246 862 334
3247 830 334
3248 842 334
3249 620 334
3250 722 334
3251 658 334
3252 788 334
3253 814 334
3254 844 334
3255 808 334
3256 676 334
3257 756 334
3258 830 334
3259 776 334
3260 644 334
3261 674 334
3262 658 334
3263 688 334
3264 554 334
3265 614 334
3266 766 334
3267 788 334
3268 796 334
3269 778 334
3270 782 334
3271 768 334
3272 830 334
3273 850 334
3274 818 334
3275 696 334
3276 782 334
3277 796 334
3278 510 334
3279 610 334
3280 842 334
3281 638 334
3282 412 334
3283 792 334
3284 768 334
3285 808 334
3286 826 334
3287 804 334
3288 626 334
3289 728 334
3290 746 334
3291 778 334
3292 860 334
3293 808 334
3294 782 334
3295 728 334
3296 790 334
3297 730 334
3298 644 334
3299 860 334
3300 694 334
3301 738 334
3302 764 334
3303 780 334
3304 828 334
3305 550 334
3306 790 334
3307 778 334
3308 836 334
3309 832 334
3310 856 334
3311 886 334
3312 830 334
3313 808 334
3314 786 334
3315 776 334
3316 726 334
3317 818 334
3318 710 334
3319 862 334
3320 710 334
3321 842 334
3322 814 334
3323 624 334
3324 844 334
3325 832 334
3326 806 334
3327 766 334
3328 840 334
3329 858 334
3330 822 334
3331 862 334
3332 804 334
3333 580 334
3334 894 334
3335 472 334
3336 772 334
3337 820 334
3338 768 334
3339 806 334
3340 746 334
3341 850 334
3342 824 334
3343 752 334
3344 482 334
3345 762 334
3346 788 334
3347 834 334
3348 804 334
3349 826 334
3350 726 334
3351 760 334
3352 778 334
3353 808 334
3354 808 334
3355 696 334
3356 804 334
3357 870 334
3358 822 334
3359 764 334
3360 720 334
3361 674 334
3362 772 334
3363 778 334
3364 720 334
3365 768 334
3366 834 334
3367 516 334
3368 572 334
3369 774 334
3370 650 334
3371 510 334
3372 710 334
3373 670 334
3374 796 334
3375 658 334
3376 810 334
3377 730 334
3378 858 334
3379 794 334
3380 970 334
3381 868 334
3382 842 334
3383 642 334
3384 736 334
3385 732 334
3386 780 334
3387 854 334
3388 740 334
3389 650 334
3390 684 334
3391 796 334
3392 612 334
3393 648 334
3394 858 334
3395 796 334
3396 706 334
3397 754 334
3398 818 334
3399 544 334
3400 866 334
3401 782 334
3402 722 334
3403 670 334
3404 786 334
3405 596 334
3406 846 334
3407 898 334
3408 746 334
3409 782 334
3410 794 334
3411 808 334
3412 950 334
3413 884 334
3414 738 334
3415 824 334
3416 784 334
3417 740 334
3418 806 334
3419 790 334
3420 802 334
3421 804 334
3422 798 334
3423 784 334
3424 856 334
3425 868 334
3426 806 334
3427 832 334
3428 776 334
3429 720 334
3430 740 334
3431 792 334
3432 724 334
3433 842 334
3434 718 334
3435 668 334
3436 768 334
3437 722 334
3438 902 334
3439 818 334
3440 568 334
3441 764 334
3442 832 334
3443 846 334
3444 640 334
3445 624 334
3446 846 334
3447 642 334
3448 848 334
3449 704 334
3450 926 334
3451 782 334
3452 844 334
3453 712 334
3454 828 334
3455 718 334
3456 766 334
3457 754 334
3458 826 334
3459 704 334
3460 848 334
3461 710 334
3462 810 334
3463 798 334
3464 768 334
3465 636 334
3466 670 334
3467 834 334
3468 854 334
3469 944 334
3470 866 334
3471 718 334
3472 692 334
3473 800 334
3474 804 334
3475 734 334
3476 768 334
3477 526 334
3478 802 334
3479 784 334
3480 782 334
3481 610 334
3482 874 334
3483 542 334
3484 746 334
3485 696 334
3486 782 334
3487 782 334
3488 550 334
3489 746 334
3490 758 334
3491 864 334
3492 620 334
3493 810 334
3494 782 334
3495 888 334
3496 706 334
3497 666 334
3498 862 334
3499 532 334
3500 724 334
3501 752 334
3502 854 334
3503 804 334
3504 852 334
3505 762 334
3506 904 334
3507 888 334
3508 692 334
3509 496 334
3510 768 334
3511 618 334
3512 824 334
3513 842 334
3514 714 334
3515 828 334
3516 614 334
3517 574 334
3518 796 334
3519 738 334
3520 640 334
3521 790 334
3522 820 334
3523 784 334
3524 702 334
3525 874 334
3526 882 334
3527 720 334
3528 860 334
3529 582 334
3530 834 334
3531 714 334
3532 780 334
3533 674 334
3534 714 334
3535 662 334
3536 582 334
3537 838 334
3538 842 334
3539 968 334
3540 716 334
3541 770 334
3542 776 334
3543 820 334
3544 796 334
3545 640 334
3546 736 334
3547 744 334
3548 760 334
3549 784 334
3550 798 334
3551 830 334
3552 810 334
3553 750 334
3554 852 334
3555 820 334
3556 870 334
3557 754 334
3558 828 334
3559 856 334
3560 836 334
3561 828 334
3562 588 334
3563 824 334
3564 828 334
3565 876 334
3566 772 334
3567 866 334
3568 640 334
3569 790 334
3570 666 334
3571 802 334
3572 720 334
3573 712 334
3574 724 334
3575 790 334
3576 914 334
3577 780 334
3578 716 334
3579 876 334
3580 842 334
3581 724 334
3582 772 334
3583 940 334
3584 806 334
3585 756 334
3586 558 334
3587 816 334
3588 798 334
3589 786 334
3590 864 334
3591 606 334
3592 802 334
3593 780 334
3594 818 334
3595 812 334
3596 874 334
3597 786 334
3598 842 334
3599 584 334
3600 824 334
3601 750 334
3602 736 334
3603 830 334
3604 810 334
3605 824 334
3606 850 334
3607 792 334
3608 682 334
3609 818 334
3610 708 334
3611 792 334
3612 680 334
3613 710 334
3614 684 334
3615 654 334
3616 782 334
3617 814 334
3618 666 334
3619 748 334
3620 898 334
3621 692 334
3622 898 334
3623 746 334
3624 334 334
3625 818 334
3626 718 334
3627 748 334
3628 812 334
3629 848 334
3630 784 334
3631 718 334
3632 868 334
3633 778 334
3634 756 334
3635 628 334
3636 718 334
3637 796 334
3638 702 334
3639 768 334
3640 808 334
3641 830 334
3642 504 334
3643 740 334
3644 572 334
3645 906 334
3646 684 334
3647 868 334
3648 630 334
3649 684 334
3650 834 334
3651 772 334
3652 678 334
3653 734 334
3654 830 334
3655 658 334
3656 870 334
3657 760 334
3658 594 334
3659 730 334
3660 798 334
3661 798 334
3662 660 334
3663 574 334
3664 686 334
3665 832 334
3666 796 334
3667 798 334
3668 684 334
3669 866 334
3670 772 334
3671 818 334
3672 830 334
3673 556 334
3674 702 334
3675 820 334
3676 846 334
3677 808 334
3678 786 334
3679 682 334
3680 860 334
3681 702 334
3682 782 334
3683 754 334
3684 650 334
3685 856 334
3686 856 334
3687 816 334
3688 664 334
3689 924 334
3690 820 334
3691 692 334
3692 834 334
3693 688 334
3694 778 334
3695 874 334
3696 830 334
3697 824 334
3698 832 334
3699 808 334
3700 748 334
3701 864 334
3702 748 334
3703 660 334
3704 762 334
3705 864 334
3706 836 334
3707 790 334
3708 874 334
3709 840 334
3710 688 334
3711 752 334
3712 740 334
3713 680 334
3714 538 334
3715 818 334
3716 804 334
3717 904 334
3718 872 334
3719 764 334
3720 742 334
3721 658 334
3722 760 334
3723 646 334
3724 852 334
3725 760 334
3726 834 334
3727 750 334
3728 696 334
3729 844 334
3730 838 334
3731 794 334
3732 884 334
3733 820 334
3734 880 334
3735 680 334
3736 894 334
3737 772 334
3738 834 334
3739 902 334
3740 802 334
3741 738 334
3742 582 334
3743 790 334
3744 830 334
3745 588 334
3746 640 334
3747 780 334
3748 778 334
3749 828 334
3750 768 334
3751 840 334
3752 822 334
3753 878 334
3754 648 334
3755 766 334
3756 842 334
3757 744 334
3758 546 334
3759 782 334
3760 684 334
3761 786 334
3762 612 334
3763 832 334
3764 838 334
3765 862 334
3766 798 334
3767 834 334
3768 758 334
3769 864 334
3770 838 334
3771 724 334
3772 694 334
3773 784 334
3774 750 334
3775 868 334
3776 836 334
3777 796 334
3778 686 334
3779 864 334
3780 778 334
3781 694 334
3782 778 334
3783 674 334
3784 762 334
3785 824 334
3786 790 334
3787 496 334
3788 768 334
3789 642 334
3790 796 334
3791 782 334
3792 706 334
3793 758 334
3794 620 334
3795 822 334
3796 516 334
3797 742 334
3798 624 334
3799 556 334
3800 840 334
3801 838 334
3802 752 334
3803 854 334
3804 688 334
3805 864 334
3806 720 334
3807 854 334
3808 876 334
3809 636 334
3810 572 334
3811 744 334
3812 704 334
3813 812 334
3814 812 334
3815 776 334
3816 746 334
3817 802 334
3818 586 334
3819 816 334
3820 752 334
3821 850 334
3822 832 334
3823 644 334
3824 778 334
3825 798 334
3826 804 334
3827 748 334
3828 856 334
3829 860 334
3830 744 334
3831 914 334
3832 838 334
3833 820 334
3834 870 334
3835 872 334
3836 808 334
3837 654 334
3838 810 334
3839 700 334
3840 864 334
3841 864 334
3842 738 334
3843 782 334
3844 804 334
3845 726 334
3846 860 334
3847 832 334
3848 640 334
3849 682 334
3850 774 334
3851 782 334
3852 606 334
3853 586 334
3854 622 334
3855 728 334
3856 786 334
3857 810 334
3858 718 334
3859 734 334
3860 584 334
3861 774 334
3862 588 334
3863 842 334
3864 762 334
3865 806 334
3866 762 334
3867 838 334
3868 732 334
3869 742 334
3870 708 334
3871 830 334
3872 794 334
3873 868 334
3874 798 334
3875 688 334
3876 618 334
3877 726 334
3878 752 334
3879 776 334
3880 674 334
3881 794 334
3882 718 334
3883 774 334
3884 832 334
3885 576 334
3886 826 334
3887 814 334
3888 762 334
3889 722 334
3890 618 334
3891 800 334
3892 794 334
3893 800 334
3894 862 334
3895 620 334
3896 858 334
3897 724 334
3898 834 334
3899 810 334
3900 702 334
3901 786 334
3902 792 334
3903 742 334
3904 816 334
3905 870 334
3906 836 334
3907 772 334
3908 840 334
3909 848 334
3910 682 334
3911 864 334
3912 766 334
3913 866 334
3914 786 334
3915 574 334
3916 900 334
3917 764 334
3918 838 334
3919 840 334
3920 702 334
3921 836 334
3922 548 334
3923 738 334
3924 832 334
3925 844 334
3926 692 334
3927 826 334
3928 874 334
3929 816 334
3930 694 334
3931 656 334
3932 860 334
3933 610 334
3934 770 334
3935 632 334
3936 584 334
3937 530 334
3938 526 334
3939 798 334
3940 756 334
3941 766 334
3942 754 334
3943 878 334
3944 690 334
3945 768 334
3946 738 334
3947 782 334
3948 786 334
3949 812 334
3950 774 334
3951 864 334
3952 710 334
3953 840 334
3954 832 334
3955 860 334
3956 814 334
3957 808 334
3958 542 334
3959 788 334
3960 676 334
3961 740 334
3962 844 334
3963 680 334
3964 788 334
3965 880 334
3966 712 334
3967 812 334
3968 832 334
3969 880 334
3970 838 334
3971 814 334
3972 846 334
3973 798 334
3974 780 334
3975 714 334
3976 796 334
3977 482 334
3978 744 334
3979 804 334
3980 674 334
3981 318 286
3982 800 286
3983 802 286
3984 778 286
3985 802 286
3986 794 286
3987 594 286
3988 798 286
3989 792 286
3990 794 286
3991 736 286
3992 764 286
3993 896 286
3994 718 286
3995 868 286
3996 718 286
3997 810 286
3998 676 286
3999 728 286
4000 752 286
4001 854 286
4002 850 286
4003 872 286
4004 612 286
4005 724 286
4006 674 286
4007 836 286
4008 584 286
4009 814 286
4010 824 286
4011 706 286
4012 628 286
4013 776 286
4014 744 286
4015 810 286
4016 834 286
4017 680 286
4018 674 286
4019 582 286
4020 776 286
4021 592 286
4022 766 286
4023 782 286
4024 876 286
4025 826 286
4026 834 286
4027 756 286
4028 722 286
4029 768 286
4030 656 286
4031 806 286
4032 924 286
4033 806 286
4034 740 286
4035 672 286
4036 804 286
4037 916 286
4038 830 286
4039 770 286
4040 688 286
4041 784 286
4042 692 286
4043 536 286
4044 776 286
4045 852 286
4046 754 286
4047 836 286
4048 892 286
4049 722 286
4050 842 286
4051 748 286
4052 808 286
4053 818 286
4054 838 286
4055 732 286
4056 718 286
4057 870 286
4058 768 286
4059 760 286
4060 592 286
4061 846 286
4062 826 286
4063 364 286
4064 712 286
4065 772 286
4066 834 286
4067 780 286
4068 856 286
4069 898 286
4070 776 286
4071 760 286
4072 812 286
4073 710 286
4074 864 286
4075 768 286
4076 858 286
4077 412 286
4078 690 286
4079 682 286
4080 822 286
4081 784 286
4082 768 286
4083 726 286
4084 542 286
4085 712 286
4086 884 286
4087 822 286
4088 750 286
4089 706 286
4090 572 286
4091 708 286
4092 828 286
4093 840 286
4094 668 286
4095 742 286
4096 908 286
4097 842 286
4098 830 286
4099 684 286
4100 472 286
4101 848 286
4102 548 286
4103 570 286
4104 820 286
4105 700 286
4106 786 286
4107 758 286
4108 834 286
4109 772 286
4110 726 286
4111 618 286
4112 850 286
4113 722 286
4114 730 286
4115 816 286
4116 714 286
4117 806 286
4118 828 286
4119 782 286
4120 766 286
4121 846 286
4122 772 286
4123 844 286
4124 834 286
4125 908 286
4126 900 286
4127 722 286
4128 804 286
4129 562 286
4130 724 286
4131 764 286
4132 708 286
4133 650 286
4134 820 286
4135 774 286
4136 742 286
4137 846 286
4138 782 286
4139 780 286
4140 794 286
4141 482 286
4142 812 286
4143 814 286
4144 528 286
4145 800 286
4146 804 286
4147 794 286
4148 584 286
4149 450 286
4150 808 286
4151 780 286
4152 846 286
4153 814 286
4154 742 286
4155 542 286
4156 562 286
4157 744 286
4158 740 286
4159 824 286
4160 718 286
4161 724 286
4162 742 286
4163 846 286
4164 834 286
4165 760 286
4166 782 286
4167 834 286
4168 824 286
4169 778 286
4170 764 286
4171 832 286
4172 916 286
4173 762 286
4174 828 286
4175 790 286
4176 822 286
4177 860 286
4178 842 286
4179 574 286
4180 766 286
4181 824 286
4182 786 286
4183 688 286
4184 738 286
4185 758 286
4186 720 286
4187 746 286
4188 528 286
4189 640 286
4190 804 286
4191 780 286
4192 842 286
4193 796 286
4194 690 286
4195 770 286
4196 848 286
4197 738 286
4198 814 286
4199 900 286
4200 772 286
4201 816 286
4202 722 286
4203 842 286
4204 666 286
4205 652 286
4206 882 286
4207 802 286
4208 526 286
4209 710 286
4210 744 286
4211 870 286
4212 624 286
4213 568 286
4214 610 286
4215 772 286
4216 780 286
4217 826 286
4218 852 286
4219 768 286
4220 846 286
4221 748 286
4222 808 286
4223 826 286
4224 742 286
4225 846 286
4226 784 286
4227 792 286
4228 742 286
4229 902 286
4230 586 286
4231 822 286
4232 888 286
4233 614 286
4234 830 286
4235 712 286
4236 644 286
4237 718 286
4238 788 286
4239 624 286
4240 796 286
4241 738 286
4242 710 286
4243 912 286
4244 642 286
4245 744 286
4246 806 286
4247 828 286
4248 824 286
4249 768 286
4250 698 286
4251 754 286
4252 710 286
4253 804 286
4254 914 286
4255 680 286
4256 908 286
4257 850 286
4258 816 286
4259 802 286
4260 822 286
4261 828 286
4262 796 286
4263 832 286
4264 738 286
4265 816 286
4266 896 286
4267 772 286
4268 806 286
4269 836 286
4270 838 286
4271 892 286
4272 704 286
4273 686 286
4274 748 286
4275 622 286
4276 628 286
4277 848 286
4278 756 286
4279 652 286
4280 806 286
4281 888 286
4282 808 286
4283 824 286
4284 766 286
4285 742 286
4286 708 286
4287 854 286
4288 890 286
4289 706 286
4290 756 286
4291 752 286
4292 864 286
4293 810 286
4294 860 286
4295 768 286
4296 802 286
4297 832 286
4298 684 286
4299 670 286
4300 866 286
4301 714 286
4302 874 286
4303 806 286
4304 802 286
4305 812 286
4306 620 286
4307 606 286
4308 662 286
4309 834 286
4310 732 286
4311 586 286
4312 870 286
4313 874 286
4314 912 286
4315 692 286
4316 770 286
4317 644 286
4318 788 286
4319 774 286
4320 824 286
4321 714 286
4322 868 286
4323 752 286
4324 910 286
4325 754 286
4326 818 286
4327 674 286
4328 716 286
4329 768 286
4330 836 286
4331 800 286
4332 768 286
4333 800 286
4334 780 286
4335 832 286
4336 718 286
4337 810 286
4338 734 286
4339 778 286
4340 864 286
4341 586 286
4342 796 286
4343 838 286
4344 892 286
4345 842 286
4346 740 286
4347 598 286
4348 854 286
4349 820 286
4350 670 286
4351 762 286
4352 708 286
4353 836 286
4354 856 286
4355 828 286
4356 862 286
4357 836 286
4358 832 286
4359 846 286
4360 770 286
4361 828 286
4362 826 286
4363 760 286
4364 778 286
4365 752 286
4366 562 286
4367 782 286
4368 650 286
4369 768 286
4370 860 286
4371 770 286
4372 828 286
4373 660 286
4374 716 286
4375 584 286
4376 788 286
4377 776 286
4378 820 286
4379 800 286
4380 780 286
4381 900 286
4382 714 286
4383 618 286
4384 286 286
4385 724 286
4386 780 286
4387 778 286
4388 836 286
4389 824 286
4390 808 286
4391 772 286
4392 718 286
4393 842 286
4394 822 286
4395 754 286
4396 674 286
4397 736 286
4398 834 286
4399 686 286
4400 852 286
4401 832 286
4402 708 286
4403 738 286
4404 854 286
4405 842 286
4406 840 286
4407 768 286
4408 680 286
4409 866 286
4410 650 286
4411 836 286
4412 774 286
4413 820 286
4414 738 286
4415 642 286
4416 746 286
4417 820 286
4418 412 286
4419 834 286
4420 846 286
4421 826 286
4422 820 286
4423 694 286
4424 856 286
4425 684 286
4426 872 286
4427 676 286
4428 730 286
4429 766 286
4430 792 286
4431 774 286
4432 748 286
4433 860 286
4434 604 286
4435 844 286
4436 762 286
4437 788 286
4438 908 286
4439 704 286
4440 610 286
4441 820 286
4442 696 286
4443 804 286
4444 778 286
4445 788 286
4446 844 286
4447 876 286
4448 706 286
4449 706 286
4450 904 286
4451 810 286
4452 548 286
4453 824 286
4454 582 286
4455 516 286
4456 818 286
4457 622 286
4458 708 286
4459 582 286
4460 700 286
4461 832 286
4462 792 286
4463 718 286
4464 854 286
4465 422 286
4466 770 286
4467 868 286
4468 722 286
4469 828 286
4470 806 286
4471 776 286
4472 810 286
4473 840 286
4474 898 286
4475 714 286
4476 840 286
4477 630 286
4478 764 286
4479 782 286
4480 872 286
4481 708 286
4482 750 286
4483 796 286
4484 682 286
4485 606 286
4486 840 286
4487 708 286
4488 710 286
4489 826 286
4490 838 286
4491 830 286
4492 814 286
4493 798 286
4494 858 286
4495 722 286
4496 